[[0, 508, 961, 854, 883, 2303, 1796, 1128, 2431, 1304, 1177, 1326, 1052, 1848, 1266, 855, 743, 1304, 642, 520],
[508, 0, 1469, 1341, 1079, 2748, 1598, 939, 2804, 1068, 1325, 1824, 841, 2269, 925, 853, 1131, 1199, 1145, 548],
[961, 1469, 0, 347, 1205, 1564, 2426, 1847, 1895, 2041, 1443, 449, 1807, 1243, 2104, 1463, 768, 1897, 350, 1275],
[854, 1341, 347, 0, 1357, 1470, 2107, 1894, 2241, 1753, 1099, 785, 1838, 1062, 1850, 1539, 435, 1581, 251, 1034],
[883, 1079, 1205, 1357, 0, 2768, 2635, 762, 1781, 2116, 2045, 1290, 771, 2412, 2002, 386, 1495, 2170, 1112, 1388],
[2303, 2748, 1564, 1470, 2768, 0, 2870, 3363, 2939, 2759, 1839, 1643, 3308, 513, 2972, 2999, 1624, 2460, 1717, 2304],
[1796, 1598, 2426, 2107, 2635, 2870, 0, 2489, 4200, 531, 1085, 2875, 2388, 2376, 759, 2451, 1673, 529, 2100, 1278],
[1128, 939, 1847, 1894, 762, 3363, 2489, 0, 2444, 1962, 2232, 2021, 101, 2944, 1752, 396, 1871, 2132, 1645, 1460],
[2431, 2804, 1895, 2241, 1781, 2939, 4200, 2444, 0, 3732, 3318, 1497, 2490, 2889, 3690, 2144, 2637, 3681, 2148, 2931],
[1304, 1068, 2041, 1753, 2116, 2759, 531, 1962, 3732, 0, 923, 2482, 1861, 2247, 300, 1921, 1337, 336, 1697, 804],
[1177, 1325, 1443, 1099, 2045, 1839, 1085, 2232, 3318, 923, 0, 1885, 2140, 1329, 1162, 2021, 681, 622, 1171, 778],
[1326, 1824, 449, 785, 1290, 1643, 2875, 2021, 1497, 2482, 1885, 0, 2003, 1452, 2530, 1625, 1215, 2346, 784, 1702],
[1052, 841, 1807, 1838, 771, 3308, 2388, 101, 2490, 1861, 2140, 2003, 0, 2881, 1652, 389, 1796, 2032, 1591, 1366],
[1848, 2269, 1243, 1062, 2412, 513, 2376, 2944, 2889, 2247, 1329, 1452, 2881, 0, 2458, 2599, 1138, 1951, 1313, 1804],
[1266, 925, 2104, 1850, 2002, 2972, 759, 1752, 3690, 300, 1162, 2530, 1652, 2458, 0, 1763, 1463, 626, 1754, 829],
[855, 853, 1463, 1539, 386, 2999, 2451, 396, 2144, 1921, 2021, 1625, 389, 2599, 1763, 0, 1573, 2031, 1288, 1286],
[743, 1131, 768, 435, 1495, 1624, 1673, 1871, 2637, 1337, 681, 1215, 1796, 1138, 1463, 1573, 0, 1148, 494, 693],
[1304, 1199, 1897, 1581, 2170, 2460, 529, 2132, 3681, 336, 622, 2346, 2032, 1951, 626, 2031, 1148, 0, 1571, 784],
[642, 1145, 350, 251, 1112, 1717, 2100, 1645, 2148, 1697, 1171, 784, 1591, 1313, 1754, 1288, 494, 1571, 0, 924],
[520, 548, 1275, 1034, 1388, 2304, 1278, 1460, 2931, 804, 778, 1702, 1366, 1804, 829, 1286, 693, 784, 924, 0]]